1	0.87566396204839
1.001	0.87566396204839
1.002	0.87566396204839
1.003	0.8753348080844
1.004	0.8753348080844
1.005	0.8753348080844
1.006	0.8750058141613
1.007	0.8750058141613
1.008	0.8750058141613
1.009	0.87467695401928
1.01	0.87467695401928
1.011	0.87467695401928
1.012	0.8743481998164
1.013	0.8743481998164
1.014	0.8743481998164
1.015	0.87401952204341
1.016	0.87401952204341
1.017	0.87401952204341
1.018	0.87369088943252
1.019	0.87369088943252
1.02	0.87369088943252
1.021	0.87336226885978
1.022	0.87336226885978
1.023	0.87336226885978
1.024	0.87303362524027
1.025	0.87303362524027
1.026	0.87303362524027
1.027	0.87270492141636
1.028	0.87270492141636
1.029	0.87270492141636
1.03	0.87237611803697
1.031	0.87237611803697
1.032	0.87237611803697
1.033	0.87204717342815
1.034	0.87204717342815
1.035	0.87204717342815
1.036	0.87171804345486
1.037	0.87171804345486
1.038	0.87171804345486
1.039	0.87138868137008
1.04	0.87138868137008
1.041	0.87138868137008
1.042	0.87105903765467
1.043	0.87105903765467
1.044	0.87105903765467
1.045	0.87072905984308
1.046	0.87072905984308
1.047	0.87072905984308
1.048	0.87039869233541
1.049	0.87039869233541
1.05	0.87039869233541
1.051	0.87006787619487
1.052	0.87006787619487
1.053	0.87006787619487
1.054	0.86973654892801
1.055	0.86973654892801
1.056	0.86973654892801
1.057	0.86940464424693
1.058	0.86940464424693
1.059	0.86940464424693
1.06	0.86907209181121
1.061	0.86907209181121
1.062	0.86907209181121
1.063	0.86873881694783
1.064	0.86873881694783
1.065	0.86873881694783
1.066	0.86840474034632
1.067	0.86840474034632
1.068	0.86840474034632
1.069	0.86806977772726
1.07	0.86806977772726
1.071	0.86806977772726
1.072	0.86773383948042
1.073	0.86773383948042
1.074	0.86773383948042
1.075	0.86739683026991
1.076	0.86739683026991
1.077	0.86739683026991
1.078	0.86705864860236
1.079	0.86705864860236
1.08	0.86705864860236
1.081	0.86671918635415
1.082	0.86671918635415
1.083	0.86671918635415
1.084	0.86637832825262
1.085	0.86637832825262
1.086	0.86637832825262
1.087	0.86603595130656
1.088	0.86603595130656
1.089	0.86603595130656
1.09	0.86569192417943
1.091	0.86569192417943
1.092	0.86569192417943
1.093	0.86534610649782
1.094	0.86534610649782
1.095	0.86534610649782
1.096	0.86499834808904
1.097	0.86499834808904
1.098	0.86499834808904
1.099	0.86464848813665
1.1	0.86464848813665
1.101	0.86464848813665
1.102	0.86429635424485
1.103	0.86429635424485
1.104	0.86429635424485
1.105	0.86394176139934
1.106	0.86394176139934
1.107	0.86394176139934
1.108	0.8635845108105
1.109	0.8635845108105
1.11	0.8635845108105
1.111	0.86322438862345
1.112	0.86322438862345
1.113	0.86322438862345
1.114	0.86286116447569
1.115	0.86286116447569
1.116	0.86286116447569
1.117	0.86249458988086
1.118	0.86249458988086
1.119	0.86249458988086
1.12	0.86212439641371
1.121	0.86212439641371
1.122	0.86212439641371
1.123	0.86175029366434
1.124	0.86175029366434
1.125	0.86175029366434
1.126	0.86137196693029
1.127	0.86137196693029
1.128	0.86137196693029
1.129	0.86098907460088
1.13	0.86098907460088
1.131	0.86098907460088
1.132	0.86060124518747
1.133	0.86060124518747
1.134	0.86060124518747
1.135	0.86020807393964
1.136	0.86020807393964
1.137	0.86020807393964
1.138	0.85980911897632
1.139	0.85980911897632
1.14	0.85980911897632
1.141	0.85940389685051
1.142	0.85940389685051
1.143	0.85940389685051
1.144	0.85899187744084
1.145	0.85899187744084
1.146	0.85899187744084
1.147	0.85857247805094
1.148	0.85857247805094
1.149	0.85857247805094
1.15	0.85814505656238
1.151	0.85814505656238
1.152	0.85814505656238
1.153	0.8577089034575
1.154	0.8577089034575
1.155	0.8577089034575
1.156	0.85726323248251
1.157	0.85726323248251
1.158	0.85726323248251
1.159	0.85680716966794
1.16	0.85680716966794
1.161	0.85680716966794
1.162	0.85633974034997
1.163	0.85633974034997
1.164	0.85633974034997
1.165	0.85585985374641
1.166	0.85585985374641
1.167	0.85585985374641
1.168	0.85536628451974
1.169	0.85536628451974
1.17	0.85536628451974
1.171	0.85485765060111
1.172	0.85485765060111
1.173	0.85485765060111
1.174	0.85433238633949
1.175	0.85433238633949
1.176	0.85433238633949
1.177	0.85378870975652
1.178	0.85378870975652
1.179	0.85378870975652
1.18	0.85322458230354
1.181	0.85322458230354
1.182	0.85322458230354
1.183	0.85263765898851
1.184	0.85263765898851
1.185	0.85263765898851
1.186	0.8520252260049
1.187	0.8520252260049
1.188	0.8520252260049
1.189	0.85138412195423
1.19	0.85138412195423
1.191	0.85138412195423
1.192	0.85071063726428
1.193	0.85071063726428
1.194	0.85071063726428
1.195	0.85000038422987
1.196	0.85000038422987
1.197	0.85000038422987
1.198	0.84924812687382
1.199	0.84924812687382
1.2	0.84924812687382
1.201	0.84844755493405
1.202	0.84844755493405
1.203	0.84844755493405
1.204	0.84759097869195
1.205	0.84759097869195
1.206	0.84759097869195
1.207	0.84666890929823
1.208	0.84666890929823
1.209	0.84666890929823
1.21	0.84566946952438
1.211	0.84566946952438
1.212	0.84566946952438
1.213	0.84457754654616
1.214	0.84457754654616
1.215	0.84457754654616
1.216	0.84337353997621
1.217	0.84337353997621
1.218	0.84337353997621
1.219	0.84203145156583
1.22	0.84203145156583
1.221	0.84203145156583
1.222	0.8405158576466
1.223	0.8405158576466
1.224	0.8405158576466
1.225	0.83877688623363
1.226	0.83877688623363
1.227	0.83877688623363
1.228	0.83674140080735
1.229	0.83674140080735
1.23	0.83674140080735
1.231	0.83429638289853
1.232	0.83429638289853
1.233	0.83429638289853
1.234	0.83125454057273
1.235	0.83125454057273
1.236	0.83125454057273
1.237	0.82727329208798
1.238	0.82727329208798
1.239	0.82727329208798
1.24	0.8216245720303
1.241	0.8216245720303
1.242	0.8216245720303
1.243	0.81227265325798
1.244	0.81227265325798
1.245	0.81227265325798
1.246	0.78712590400112
1.247	0.78712590400112
1.248	0.78712590400112
1.249	0.80976981100968
1.25	0.80976981100968
1.251	0.80976981100968
1.252	0.831949752758
1.253	0.831949752758
1.254	0.831949752758
1.255	0.84241675855669
1.256	0.84241675855669
1.257	0.84241675855669
1.258	0.84857444769514
1.259	0.84857444769514
1.26	0.84857444769514
1.261	0.85263781126529
1.262	0.85263781126529
1.263	0.85263781126529
1.264	0.85551946145331
1.265	0.85551946145331
1.266	0.85551946145331
1.267	0.85766701298772
1.268	0.85766701298772
1.269	0.85766701298772
1.27	0.85932648159185
1.271	0.85932648159185
1.272	0.85932648159185
1.273	0.86064453503929
1.274	0.86064453503929
1.275	0.86064453503929
1.276	0.86171415103907
1.277	0.86171415103907
1.278	0.86171415103907
1.279	0.86259718349263
1.28	0.86259718349263
1.281	0.86259718349263
1.282	0.86333641651702
1.283	0.86333641651702
1.284	0.86333641651702
1.285	0.86396241252256
1.286	0.86396241252256
1.287	0.86396241252256
1.288	0.86449760321585
1.289	0.86449760321585
1.29	0.86449760321585
1.291	0.86495883799884
1.292	0.86495883799884
1.293	0.86495883799884
1.294	0.86535902872799
1.295	0.86535902872799
1.296	0.86535902872799
1.297	0.86570824408444
1.298	0.86570824408444
1.299	0.86570824408444
1.3	0.86601445726241
1.301	0.86601445726241
1.302	0.86601445726241
1.303	0.86628406880858
1.304	0.86628406880858
1.305	0.86628406880858
1.306	0.8665222798291
1.307	0.8665222798291
1.308	0.8665222798291
1.309	0.86673336331986
1.31	0.86673336331986
1.311	0.86673336331986
1.312	0.86692086470795
1.313	0.86692086470795
1.314	0.86692086470795
1.315	0.86708775229321
1.316	0.86708775229321
1.317	0.86708775229321
1.318	0.86723653164212
1.319	0.86723653164212
1.32	0.86723653164212
1.321	0.86736933364645
1.322	0.86736933364645
1.323	0.86736933364645
1.324	0.86748798308197
1.325	0.86748798308197
1.326	0.86748798308197
1.327	0.86759405253911
1.328	0.86759405253911
1.329	0.86759405253911
1.33	0.86768890525446
1.331	0.86768890525446
1.332	0.86768890525446
1.333	0.86777372943149
1.334	0.86777372943149
1.335	0.86777372943149
1.336	0.86784956596639
1.337	0.86784956596639
1.338	0.86784956596639
1.339	0.86791733101921
1.34	0.86791733101921
1.341	0.86791733101921
1.342	0.86797783451986
1.343	0.86797783451986
1.344	0.86797783451986
1.345	0.86803179544236
1.346	0.86803179544236
1.347	0.86803179544236
1.348	0.86807985449114
1.349	0.86807985449114
1.35	0.86807985449114
1.351	0.86812258469906
1.352	0.86812258469906
1.353	0.86812258469906
1.354	0.86816050033066
1.355	0.86816050033066
1.356	0.86816050033066
1.357	0.86819406440008
1.358	0.86819406440008
1.359	0.86819406440008
1.36	0.86822369505036
1.361	0.86822369505036
1.362	0.86822369505036
1.363	0.86824977099251
1.364	0.86824977099251
1.365	0.86824977099251
1.366	0.8682726361619
1.367	0.8682726361619
1.368	0.8682726361619
1.369	0.8682926037225
1.37	0.8682926037225
1.371	0.8682926037225
1.372	0.8683099595233
1.373	0.8683099595233
1.374	0.8683099595233
1.375	0.86832496509325
1.376	0.86832496509325
1.377	0.86832496509325
1.378	0.86833786024529
1.379	0.86833786024529
1.38	0.86833786024529
1.381	0.86834886534906
1.382	0.86834886534906
1.383	0.86834886534906
1.384	0.86835818331912
1.385	0.86835818331912
1.386	0.86835818331912
1.387	0.86836600136233
1.388	0.86836600136233
1.389	0.86836600136233
1.39	0.86837249251557
1.391	0.86837249251557
1.392	0.86837249251557
1.393	0.86837781700411
1.394	0.86837781700411
1.395	0.86837781700411
1.396	0.86838212344488
1.397	0.86838212344488
1.398	0.86838212344488
1.399	0.86838554991412
1.4	0.86838554991412
1.401	0.86838554991412
1.402	0.86838822489859
1.403	0.86838822489859
1.404	0.86838822489859
1.405	0.86839026814334
1.406	0.86839026814334
1.407	0.86839026814334
1.408	0.86839179141056
1.409	0.86839179141056
1.41	0.86839179141056
1.411	0.86839289915948
1.412	0.86839289915948
1.413	0.86839289915948
1.414	0.8683936891567
1.415	0.8683936891567
1.416	0.8683936891567
1.417	0.8683942530263
1.418	0.8683942530263
1.419	0.8683942530263
1.42	0.86839467674508
1.421	0.86839467674508
1.422	0.86839467674508
1.423	0.86839504109072
1.424	0.86839504109072
1.425	0.86839504109072
1.426	0.86839542204691
1.427	0.86839542204691
1.428	0.86839542204691
1.429	0.86839589117141
1.43	0.86839589117141
1.431	0.86839589117141
1.432	0.86839651592977
1.433	0.86839651592977
1.434	0.86839651592977
1.435	0.86839735999946
1.436	0.86839735999946
1.437	0.86839735999946
1.438	0.8683984835468
1.439	0.8683984835468
1.44	0.8683984835468
1.441	0.86839994348036
1.442	0.86839994348036
1.443	0.86839994348036
1.444	0.86840179368169
1.445	0.86840179368169
1.446	0.86840179368169
1.447	0.86840408521767
1.448	0.86840408521767
1.449	0.86840408521767
1.45	0.86840686653474
1.451	0.86840686653474
1.452	0.86840686653474
1.453	0.86841018363741
1.454	0.86841018363741
1.455	0.86841018363741
1.456	0.86841408025236
1.457	0.86841408025236
1.458	0.86841408025236
1.459	0.86841859797997
1.46	0.86841859797997
1.461	0.86841859797997
1.462	0.86842377643402
1.463	0.86842377643402
1.464	0.86842377643402
1.465	0.86842965337032
1.466	0.86842965337032
1.467	0.86842965337032
1.468	0.8684362648065
1.469	0.8684362648065
1.47	0.8684362648065
1.471	0.8684436451324
1.472	0.8684436451324
1.473	0.8684436451324
1.474	0.8684518272128
1.475	0.8684518272128
1.476	0.8684518272128
1.477	0.868460842483
1.478	0.868460842483
1.479	0.868460842483
1.48	0.86847072103721
1.481	0.86847072103721
1.482	0.86847072103721
1.483	0.86848149171201
1.484	0.86848149171201
1.485	0.86848149171201
1.486	0.86849318216282
1.487	0.86849318216282
1.488	0.86849318216282
1.489	0.86850581893748
1.49	0.86850581893748
1.491	0.86850581893748
1.492	0.86851942754281
1.493	0.86851942754281
1.494	0.86851942754281
1.495	0.86853403250891
1.496	0.86853403250891
1.497	0.86853403250891
1.498	0.86854965744894
1.499	0.86854965744894
1.5	0.86854965744894
1.501	0.8685663251157
1.502	0.8685663251157
1.503	0.8685663251157
1.504	0.86858405745432
1.505	0.86858405745432
1.506	0.86858405745432
1.507	0.86860287565389
1.508	0.86860287565389
1.509	0.86860287565389
1.51	0.86862280019438
1.511	0.86862280019438
1.512	0.86862280019438
1.513	0.86864385089281
1.514	0.86864385089281
1.515	0.86864385089281
1.516	0.86866604694686
1.517	0.86866604694686
1.518	0.86866604694686
1.519	0.86868940697647
1.52	0.86868940697647
1.521	0.86868940697647
1.522	0.86871394906435
1.523	0.86871394906435
1.524	0.86871394906435
1.525	0.86873969079451
1.526	0.86873969079451
1.527	0.86873969079451
1.528	0.8687666492901
1.529	0.8687666492901
1.53	0.8687666492901
1.531	0.86879484125002
1.532	0.86879484125002
1.533	0.86879484125002
1.534	0.86882428298456
1.535	0.86882428298456
1.536	0.86882428298456
1.537	0.86885499045129
1.538	0.86885499045129
1.539	0.86885499045129
1.54	0.86888697928941
1.541	0.86888697928941
1.542	0.86888697928941
1.543	0.86892026485486
1.544	0.86892026485486
1.545	0.86892026485486
1.546	0.86895486225494
1.547	0.86895486225494
1.548	0.86895486225494
1.549	0.8689907863836
1.55	0.8689907863836
1.551	0.8689907863836
1.552	0.86902805195706
1.553	0.86902805195706
1.554	0.86902805195706
1.555	0.86906667355013
1.556	0.86906667355013
1.557	0.86906667355013
1.558	0.86910666563381
1.559	0.86910666563381
1.56	0.86910666563381
1.561	0.86914804261415
1.562	0.86914804261415
1.563	0.86914804261415
1.564	0.86919081887315
1.565	0.86919081887315
1.566	0.86919081887315
1.567	0.86923500881093
1.568	0.86923500881093
1.569	0.86923500881093
1.57	0.86928062689166
1.571	0.86928062689166
1.572	0.86928062689166
1.573	0.86932768769153
1.574	0.86932768769153
1.575	0.86932768769153
1.576	0.86937620595112
1.577	0.86937620595112
1.578	0.86937620595112
1.579	0.86942619663123
1.58	0.86942619663123
1.581	0.86942619663123
1.582	0.86947767497435
1.583	0.86947767497435
1.584	0.86947767497435
1.585	0.86953065657199
1.586	0.86953065657199
1.587	0.86953065657199
1.588	0.8695851574383
1.589	0.8695851574383
1.59	0.8695851574383
1.591	0.8696411940928
1.592	0.8696411940928
1.593	0.8696411940928
1.594	0.86969878365124
1.595	0.86969878365124
1.596	0.86969878365124
1.597	0.86975794392916
1.598	0.86975794392916
1.599	0.86975794392916
1.6	0.86981869355731
1.601	0.86981869355731
1.602	0.86981869355731
1.603	0.86988105211323
1.604	0.86988105211323
1.605	0.86988105211323
1.606	0.86994504027101
1.607	0.86994504027101
1.608	0.86994504027101
1.609	0.87001067997287
1.61	0.87001067997287
1.611	0.87001067997287
1.612	0.87007799462654
1.613	0.87007799462654
1.614	0.87007799462654
1.615	0.87014700933391
1.616	0.87014700933391
1.617	0.87014700933391
1.618	0.87021775115657
1.619	0.87021775115657
1.62	0.87021775115657
1.621	0.87029024942691
1.622	0.87029024942691
1.623	0.87029024942691
1.624	0.87036453611272
1.625	0.87036453611272
1.626	0.87036453611272
1.627	0.87044064624924
1.628	0.87044064624924
1.629	0.87044064624924
1.63	0.87051861845158
1.631	0.87051861845158
1.632	0.87051861845158
1.633	0.87059849552757
1.634	0.87059849552757
1.635	0.87059849552757
1.636	0.87068032521488
1.637	0.87068032521488
1.638	0.87068032521488
1.639	0.8707641610722
1.64	0.8707641610722
1.641	0.8707641610722
1.642	0.87085006356603
1.643	0.87085006356603
1.644	0.87085006356603
1.645	0.87093810140272
1.646	0.87093810140272
1.647	0.87093810140272
1.648	0.87102835317537
1.649	0.87102835317537
1.65	0.87102835317537
1.651	0.87112090941484
1.652	0.87112090941484
1.653	0.87112090941484
1.654	0.87121587516659
1.655	0.87121587516659
1.656	0.87121587516659
1.657	0.87131337325661
1.658	0.87131337325661
1.659	0.87131337325661
1.66	0.8714135484719
1.661	0.8714135484719
1.662	0.8714135484719
1.663	0.87151657296638
1.664	0.87151657296638
1.665	0.87151657296638
1.666	0.87162265333405
1.667	0.87162265333405
1.668	0.87162265333405
1.669	0.87173203997323
1.67	0.87173203997323
1.671	0.87173203997323
1.672	0.8718450396568
1.673	0.8718450396568
1.674	0.8718450396568
1.675	0.8719620326522
1.676	0.8719620326522
1.677	0.8719620326522
1.678	0.87208349642154
1.679	0.87208349642154
1.68	0.87208349642154
1.681	0.87221003902287
1.682	0.87221003902287
1.683	0.87221003902287
1.684	0.87234244713509
1.685	0.87234244713509
1.686	0.87234244713509
1.687	0.87248175667028
1.688	0.87248175667028
1.689	0.87248175667028
1.69	0.87262935925053
1.691	0.87262935925053
1.692	0.87262935925053
1.693	0.87278716743584
1.694	0.87278716743584
1.695	0.87278716743584
1.696	0.87295787968331
1.697	0.87295787968331
1.698	0.87295787968331
1.699	0.87314542170043
1.7	0.87314542170043
1.701	0.87314542170043
1.702	0.87335571504122
1.703	0.87335571504122
1.704	0.87335571504122
1.705	0.87359808790533
1.706	0.87359808790533
1.707	0.87359808790533
1.708	0.87388803356592
1.709	0.87388803356592
1.71	0.87388803356592
1.711	0.87425303507085
1.712	0.87425303507085
1.713	0.87425303507085
1.714	0.87474609194235
1.715	0.87474609194235
1.716	0.87474609194235
1.717	0.87548108417532
1.718	0.87548108417532
1.719	0.87548108417532
1.72	0.87673946311763
1.721	0.87673946311763
1.722	0.87673946311763
1.723	0.87933563306034
1.724	0.87933563306034
1.725	0.87933563306034
1.726	0.88533066259863
1.727	0.88533066259863
1.728	0.88533066259863
1.729	0.88643491075037
1.73	0.88643491075037
1.731	0.88643491075037
1.732	0.87709056000906
1.733	0.87709056000906
1.734	0.87709056000906
1.735	0.87435595615049
1.736	0.87435595615049
1.737	0.87435595615049
1.738	0.87376031581133
1.739	0.87376031581133
1.74	0.87376031581133
1.741	0.87368450842683
1.742	0.87368450842683
1.743	0.87368450842683
1.744	0.87376309082798
1.745	0.87376309082798
1.746	0.87376309082798
1.747	0.8738944774842
1.748	0.8738944774842
1.749	0.8738944774842
1.75	0.87404469200725
1.751	0.87404469200725
1.752	0.87404469200725
1.753	0.87420047759546
1.754	0.87420047759546
1.755	0.87420047759546
1.756	0.87435532932518
1.757	0.87435532932518
1.758	0.87435532932518
1.759	0.87450371912177
1.76	0.87450371912177
1.761	0.87450371912177
1.762	0.87463297592977
1.763	0.87463297592977
1.764	0.87463297592977
1.765	0.87492734446201
1.766	0.87492734446201
1.767	0.87492734446201
1.768	0.87530758324863
1.769	0.87530758324863
1.77	0.87530758324863
1.771	0.87558682418495
1.772	0.87558682418495
1.773	0.87558682418495
1.774	0.87582877224618
1.775	0.87582877224618
1.776	0.87582877224618
1.777	0.87605183506025
1.778	0.87605183506025
1.779	0.87605183506025
1.78	0.8762645107753
1.781	0.8762645107753
1.782	0.8762645107753
1.783	0.87647153688582
1.784	0.87647153688582
1.785	0.87647153688582
1.786	0.87667588680842
1.787	0.87667588680842
1.788	0.87667588680842
1.789	0.87687961033935
1.79	0.87687961033935
1.791	0.87687961033935
1.792	0.87708424987993
1.793	0.87708424987993
1.794	0.87708424987993
1.795	0.87729107624903
1.796	0.87729107624903
1.797	0.87729107624903
1.798	0.87750124398663
1.799	0.87750124398663
1.8	0.87750124398663
1.801	0.8777159169174
1.802	0.8777159169174
1.803	0.8777159169174
1.804	0.87793640072044
1.805	0.87793640072044
1.806	0.87793640072044
1.807	0.87816432782374
1.808	0.87816432782374
1.809	0.87816432782374
1.81	0.87840198499876
1.811	0.87840198499876
1.812	0.87840198499876
1.813	0.87865303207798
1.814	0.87865303207798
1.815	0.87865303207798
1.816	0.87892453496305
1.817	0.87892453496305
1.818	0.87892453496305
1.819	0.87923595371894
1.82	0.87923595371894
1.821	0.87923595371894
1.822	0.87899523513369
1.823	0.87899523513369
1.824	0.87899523513369
1.825	0.87856906213174
1.826	0.87856906213174
1.827	0.87856906213174
1.828	0.8785054854411
1.829	0.8785054854411
1.83	0.8785054854411
1.831	0.87855246708223
1.832	0.87855246708223
1.833	0.87855246708223
1.834	0.87865714493431
1.835	0.87865714493431
1.836	0.87865714493431
1.837	0.87879800143139
1.838	0.87879800143139
1.839	0.87879800143139
1.84	0.87896393351944
1.841	0.87896393351944
1.842	0.87896393351944
1.843	0.87914840564358
1.844	0.87914840564358
1.845	0.87914840564358
1.846	0.87934722777554
1.847	0.87934722777554
1.848	0.87934722777554
1.849	0.87955754616841
1.85	0.87955754616841
1.851	0.87955754616841
1.852	0.87977732695172
1.853	0.87977732695172
1.854	0.87977732695172
1.855	0.88000506816332
1.856	0.88000506816332
1.857	0.88000506816332
1.858	0.88023962832171
1.859	0.88023962832171
1.86	0.88023962832171
1.861	0.88048011898012
1.862	0.88048011898012
1.863	0.88048011898012
1.864	0.88072583452135
1.865	0.88072583452135
1.866	0.88072583452135
1.867	0.88097620467169
1.868	0.88097620467169
1.869	0.88097620467169
1.87	0.88123076143852
1.871	0.88123076143852
1.872	0.88123076143852
1.873	0.88148911551156
1.874	0.88148911551156
1.875	0.88148911551156
1.876	0.88175093905356
1.877	0.88175093905356
1.878	0.88175093905356
1.879	0.88201595291308
1.88	0.88201595291308
1.881	0.88201595291308
1.882	0.88228391696495
1.883	0.88228391696495
1.884	0.88228391696495
1.885	0.88255462270409
1.886	0.88255462270409
1.887	0.88255462270409
1.888	0.88282788749238
1.889	0.88282788749238
1.89	0.88282788749238
1.891	0.88310355003617
1.892	0.88310355003617
1.893	0.88310355003617
1.894	0.88338146679164
1.895	0.88338146679164
1.896	0.88338146679164
1.897	0.88366150908003
1.898	0.88366150908003
1.899	0.88366150908003
1.9	0.88394356075145
1.901	0.88394356075145
1.902	0.88394356075145
1.903	0.88422751627695
1.904	0.88422751627695
1.905	0.88422751627695
1.906	0.88451327917737
1.907	0.88451327917737
1.908	0.88451327917737
1.909	0.88480076072198
1.91	0.88480076072198
1.911	0.88480076072198
1.912	0.88508987884171
1.913	0.88508987884171
1.914	0.88508987884171
1.915	0.88538055721635
1.916	0.88538055721635
1.917	0.88538055721635
1.918	0.88567272450301
1.919	0.88567272450301
1.92	0.88567272450301
1.921	0.88596631368145
1.922	0.88596631368145
1.923	0.88596631368145
1.924	0.88626126149338
1.925	0.88626126149338
1.926	0.88626126149338
1.927	0.88655750796201
1.928	0.88655750796201
1.929	0.88655750796201
1.93	0.88685499597688
1.931	0.88685499597688
1.932	0.88685499597688
1.933	0.88715367093381
1.934	0.88715367093381
1.935	0.88715367093381
1.936	0.88745348042155
1.937	0.88745348042155
1.938	0.88745348042155
1.939	0.88775437394688
1.94	0.88775437394688
1.941	0.88775437394688
1.942	0.8880563026936
1.943	0.8880563026936
1.944	0.8880563026936
1.945	0.88835921930925
1.946	0.88835921930925
1.947	0.88835921930925
1.948	0.88866307771599
1.949	0.88866307771599
1.95	0.88866307771599
1.951	0.88896783294242
1.952	0.88896783294242
1.953	0.88896783294242
1.954	0.8892734409725
1.955	0.8892734409725
1.956	0.8892734409725
1.957	0.88957985861024
1.958	0.88957985861024
1.959	0.88957985861024
1.96	0.88988704335759
1.961	0.88988704335759
1.962	0.88988704335759
1.963	0.89019495330299
1.964	0.89019495330299
1.965	0.89019495330299
1.966	0.89050354702077
1.967	0.89050354702077
1.968	0.89050354702077
1.969	0.8908127834777
1.97	0.8908127834777
1.971	0.8908127834777
1.972	0.89112262194912
1.973	0.89112262194912
1.974	0.89112262194912
1.975	0.89143302193855
1.976	0.89143302193855
1.977	0.89143302193855
1.978	0.89174394310539
1.979	0.89174394310539
1.98	0.89174394310539
1.981	0.89205534519574
1.982	0.89205534519574
1.983	0.89205534519574
1.984	0.89236718797845
1.985	0.89236718797845
1.986	0.89236718797845
1.987	0.89267943118376
1.988	0.89267943118376
1.989	0.89267943118376
1.99	0.89299203444572
1.991	0.89299203444572
1.992	0.89299203444572
1.993	0.89330495724664
1.994	0.89330495724664
1.995	0.89330495724664
1.996	0.89361815886339
1.997	0.89361815886339
1.998	0.89361815886339
1.999	0.89393159831692
2	0.89393159831692
2.001	0.89393159831692
2.002	0.89424523432152
2.003	0.89424523432152
2.004	0.89424523432152
2.005	0.89455902523522
2.006	0.89455902523522
2.007	0.89455902523522
2.008	0.89487292901244
2.009	0.89487292901244
2.01	0.89487292901244
2.011	0.89518690315631
2.012	0.89518690315631
2.013	0.89518690315631
2.014	0.89550090467013
2.015	0.89550090467013
2.016	0.89550090467013
2.017	0.89581489001094
2.018	0.89581489001094
2.019	0.89581489001094
2.02	0.89612881504167
2.021	0.89612881504167
2.022	0.89612881504167
2.023	0.89644263498281
2.024	0.89644263498281
2.025	0.89644263498281
2.026	0.8967563043637
2.027	0.8967563043637
2.028	0.8967563043637
2.029	0.89706977697314
2.03	0.89706977697314
2.031	0.89706977697314
2.032	0.8973830058084
2.033	0.8973830058084
2.034	0.8973830058084
2.035	0.89769594302372
2.036	0.89769594302372
2.037	0.89769594302372
2.038	0.89800853987613
2.039	0.89800853987613
2.04	0.89800853987613
2.041	0.89832074667077
2.042	0.89832074667077
2.043	0.89832074667077
2.044	0.89863251270359
2.045	0.89863251270359
2.046	0.89863251270359
2.047	0.89894378620189
2.048	0.89894378620189
2.049	0.89894378620189
2.05	0.89925451426272
2.051	0.89925451426272
2.052	0.89925451426272
2.053	0.8995646427883
2.054	0.8995646427883
2.055	0.8995646427883
2.056	0.89987411641867
2.057	0.89987411641867
2.058	0.89987411641867
2.059	0.90018287846109
2.06	0.90018287846109
2.061	0.90018287846109
2.062	0.90049087081608
2.063	0.90049087081608
2.064	0.90049087081608
2.065	0.90079803389918
2.066	0.90079803389918
2.067	0.90079803389918
2.068	0.90110430655924
2.069	0.90110430655924
2.07	0.90110430655924
2.071	0.90140962599158
2.072	0.90140962599158
2.073	0.90140962599158
2.074	0.90171392764668
2.075	0.90171392764668
2.076	0.90171392764668
2.077	0.90201714513321
2.078	0.90201714513321
2.079	0.90201714513321
2.08	0.9023192101159
2.081	0.9023192101159
2.082	0.9023192101159
2.083	0.90262005220635
2.084	0.90262005220635
2.085	0.90262005220635
2.086	0.90291959884814
2.087	0.90291959884814
2.088	0.90291959884814
2.089	0.90321777519277
2.09	0.90321777519277
2.091	0.90321777519277
2.092	0.90351450397172
2.093	0.90351450397172
2.094	0.90351450397172
2.095	0.90380970535402
2.096	0.90380970535402
2.097	0.90380970535402
2.098	0.9041032968
2.099	0.9041032968
2.1	0.9041032968
2.101	0.90439519290208
2.102	0.90439519290208
2.103	0.90439519290208
2.104	0.9046853052153
2.105	0.9046853052153
2.106	0.9046853052153
2.107	0.90497354207622
2.108	0.90497354207622
2.109	0.90497354207622
2.11	0.90525980840882
2.111	0.90525980840882
2.112	0.90525980840882
2.113	0.90554400551636
2.114	0.90554400551636
2.115	0.90554400551636
2.116	0.90582603085849
2.117	0.90582603085849
2.118	0.90582603085849
2.119	0.90610577781092
2.12	0.90610577781092
2.121	0.90610577781092
2.122	0.90638313540808
2.123	0.90638313540808
2.124	0.90638313540808
2.125	0.90665798806562
2.126	0.90665798806562
2.127	0.90665798806562
2.128	0.90693021528156
2.129	0.90693021528156
2.13	0.90693021528156
2.131	0.90719969131407
2.132	0.90719969131407
2.133	0.90719969131407
2.134	0.90746628483365
2.135	0.90746628483365
2.136	0.90746628483365
2.137	0.90772985854727
2.138	0.90772985854727
2.139	0.90772985854727
2.14	0.90799026879186
2.141	0.90799026879186
2.142	0.90799026879186
2.143	0.90824736509418
2.144	0.90824736509418
2.145	0.90824736509418
2.146	0.90850098969361
2.147	0.90850098969361
2.148	0.90850098969361
2.149	0.90875097702439
2.15	0.90875097702439
2.151	0.90875097702439
2.152	0.90899715315306
2.153	0.90899715315306
2.154	0.90899715315306
2.155	0.90923933516672
2.156	0.90923933516672
2.157	0.90923933516672
2.158	0.90947733050671
2.159	0.90947733050671
2.16	0.90947733050671
2.161	0.90971093624215
2.162	0.90971093624215
2.163	0.90971093624215
2.164	0.90993993827743
2.165	0.90993993827743
2.166	0.90993993827743
2.167	0.91016411048528
2.168	0.91016411048528
2.169	0.91016411048528
2.17	0.91038321375859
2.171	0.91038321375859
2.172	0.91038321375859
2.173	0.91059699497138
2.174	0.91059699497138
2.175	0.91059699497138
2.176	0.91080518583787
2.177	0.91080518583787
2.178	0.91080518583787
2.179	0.91100750166042
2.18	0.91100750166042
2.181	0.91100750166042
2.182	0.91120363994971
2.183	0.91120363994971
2.184	0.91120363994971
2.185	0.91139327890567
2.186	0.91139327890567
2.187	0.91139327890567
2.188	0.9115760757401
2.189	0.9115760757401
2.19	0.9115760757401
2.191	0.91175166482247
2.192	0.91175166482247
2.193	0.91175166482247
2.194	0.91191965562714
2.195	0.91191965562714
2.196	0.91191965562714
2.197	0.91207963045611
2.198	0.91207963045611
2.199	0.91207963045611
2.2	0.91223114190928
2.201	0.91223114190928
2.202	0.91223114190928
2.203	0.91237371006941
2.204	0.91237371006941
2.205	0.91237371006941
2.206	0.9125068193623
2.207	0.9125068193623
2.208	0.9125068193623
2.209	0.9126299150499
2.21	0.9126299150499
2.211	0.9126299150499
2.212	0.9127423993051
2.213	0.9127423993051
2.214	0.9127423993051
2.215	0.91284362680908
2.216	0.91284362680908
2.217	0.91284362680908
2.218	0.91293289980339
2.219	0.91293289980339
2.22	0.91293289980339
2.221	0.91300946251673
2.222	0.91300946251673
2.223	0.91300946251673
2.224	0.91307249487396
2.225	0.91307249487396
2.226	0.91307249487396
2.227	0.9131211053777
2.228	0.9131211053777
2.229	0.9131211053777
2.23	0.91315432303501
2.231	0.91315432303501
2.232	0.91315432303501
2.233	0.91317108817765
2.234	0.91317108817765
2.235	0.91317108817765
2.236	0.91317024199779
2.237	0.91317024199779
2.238	0.91317024199779
2.239	0.9131505145871
2.24	0.9131505145871
2.241	0.9131505145871
2.242	0.91311051122684
2.243	0.91311051122684
2.244	0.91311051122684
2.245	0.91304869662829
2.246	0.91304869662829
2.247	0.91304869662829
2.248	0.91296337676164
2.249	0.91296337676164
2.25	0.91296337676164
2.251	0.91285267783917
2.252	0.91285267783917
2.253	0.91285267783917
2.254	0.91271452192737
2.255	0.91271452192737
2.256	0.91271452192737
2.257	0.91254659855084
2.258	0.91254659855084
2.259	0.91254659855084
2.26	0.91234633151239
2.261	0.91234633151239
2.262	0.91234633151239
2.263	0.91211083997935
2.264	0.91211083997935
2.265	0.91211083997935
2.266	0.91183689266927
2.267	0.91183689266927
2.268	0.91183689266927
2.269	0.91152085369445
2.27	0.91152085369445
2.271	0.91152085369445
2.272	0.91115861827591
2.273	0.91115861827591
2.274	0.91115861827591
2.275	0.9107455360972
2.276	0.9107455360972
2.277	0.9107455360972
2.278	0.91027631949991
2.279	0.91027631949991
2.28	0.91027631949991
2.281	0.90974493299278
2.282	0.90974493299278
2.283	0.90974493299278
2.284	0.90914445959865
2.285	0.90914445959865
2.286	0.90914445959865
2.287	0.90846693831932
2.288	0.90846693831932
2.289	0.90846693831932
2.29	0.90770316535791
2.291	0.90770316535791
2.292	0.90770316535791
2.293	0.90684244951895
2.294	0.90684244951895
2.295	0.90684244951895
2.296	0.905872309111
2.297	0.905872309111
2.298	0.905872309111
2.299	0.90477809295197
2.3	0.90477809295197
2.301	0.90477809295197
2.302	0.90354249906848
2.303	0.90354249906848
2.304	0.90354249906848
2.305	0.90214493639737
2.306	0.90214493639737
2.307	0.90214493639737
2.308	0.90056048776992
2.309	0.90056048776992
2.31	0.90056048776992
2.311	0.89876002651954
2.312	0.89876002651954
2.313	0.89876002651954
2.314	0.89671368377689
2.315	0.89671368377689
2.316	0.89671368377689
2.317	0.89436844899014
2.318	0.89436844899014
2.319	0.89436844899014
2.32	0.89167569527129
2.321	0.89167569527129
2.322	0.89167569527129
2.323	0.8885697790487
2.324	0.8885697790487
2.325	0.8885697790487
2.326	0.88496904753863
2.327	0.88496904753863
2.328	0.88496904753863
2.329	0.8807712776265
2.33	0.8807712776265
2.331	0.8807712776265
2.332	0.87584773405943
2.333	0.87584773405943
2.334	0.87584773405943
2.335	0.87003564008199
2.336	0.87003564008199
2.337	0.87003564008199
2.338	0.86312902209847
2.339	0.86312902209847
2.34	0.86312902209847
2.341	0.85486858554087
2.342	0.85486858554087
2.343	0.85486858554087
2.344	0.84493314013955
2.345	0.84493314013955
2.346	0.84493314013955
2.347	0.83293967602715
2.348	0.83293967602715
2.349	0.83293967602715
2.35	0.81846980430037
2.351	0.81846980430037
2.352	0.81846980430037
2.353	0.80116304258873
2.354	0.80116304258873
2.355	0.80116304258873
2.356	0.78095973742174
2.357	0.78095973742174
2.358	0.78095973742174
2.359	0.7586293565673
2.36	0.7586293565673
2.361	0.7586293565673
2.362	0.73668608437809
2.363	0.73668608437809
2.364	0.73668608437809
2.365	0.72034514975237
2.366	0.72034514975237
2.367	0.72034514975237
2.368	0.71696975374334
2.369	0.71696975374334
2.37	0.71696975374334
2.371	0.73197861281734
2.372	0.73197861281734
2.373	0.73197861281734
2.374	0.76341677822002
2.375	0.76341677822002
2.376	0.76341677822002
2.377	0.80239066626936
2.378	0.80239066626936
2.379	0.80239066626936
2.38	0.83971550622792
2.381	0.83971550622792
2.382	0.83971550622792
2.383	0.87054943081319
2.384	0.87054943081319
2.385	0.87054943081319
2.386	0.89403989238354
2.387	0.89403989238354
2.388	0.89403989238354
2.389	0.91123203635506
2.39	0.91123203635506
2.391	0.91123203635506
2.392	0.92360634592936
2.393	0.92360634592936
2.394	0.92360634592936
2.395	0.93247480663985
2.396	0.93247480663985
2.397	0.93247480663985
2.398	0.93883957994568
2.399	0.93883957994568
2.4	0.93883957994568
2.401	0.9434209111212
2.402	0.9434209111212
2.403	0.9434209111212
2.404	0.94672366101914
2.405	0.94672366101914
2.406	0.94672366101914
2.407	0.94909868117162
2.408	0.94909868117162
2.409	0.94909868117162
2.41	0.95078931326949
2.411	0.95078931326949
2.412	0.95078931326949
2.413	0.95196401548647
2.414	0.95196401548647
2.415	0.95196401548647
2.416	0.95273838938006
2.417	0.95273838938006
2.418	0.95273838938006
2.419	0.95318957994548
2.42	0.95318957994548
2.421	0.95318957994548
2.422	0.95336514599625
2.423	0.95336514599625
2.424	0.95336514599625
2.425	0.95328759392093
2.426	0.95328759392093
2.427	0.95328759392093
2.428	0.95295485056195
2.429	0.95295485056195
2.43	0.95295485056195
2.431	0.95233576017786
2.432	0.95233576017786
2.433	0.95233576017786
2.434	0.95135756489186
2.435	0.95135756489186
2.436	0.95135756489186
2.437	0.949877517361
2.438	0.949877517361
2.439	0.949877517361
2.44	0.94761799337245
2.441	0.94761799337245
2.442	0.94761799337245
2.443	0.94400537189753
2.444	0.94400537189753
2.445	0.94400537189753
2.446	0.937712657289
2.447	0.937712657289
2.448	0.937712657289
2.449	0.92509266679129
2.45	0.92509266679129
2.451	0.92509266679129
2.452	0.89336887240893
2.453	0.89336887240893
2.454	0.89336887240893
2.455	0.79463557073393
2.456	0.79463557073393
2.457	0.79463557073393
2.458	0.81270301470224
2.459	0.81270301470224
2.46	0.81270301470224
2.461	0.93076111331097
2.462	0.93076111331097
2.463	0.93076111331097
2.464	0.95518191519258
2.465	0.95518191519258
2.466	0.95518191519258
2.467	0.96129491035767
2.468	0.96129491035767
2.469	0.96129491035767
2.47	0.96316185860341
2.471	0.96316185860341
2.472	0.96316185860341
2.473	0.96372503223268
2.474	0.96372503223268
2.475	0.96372503223268
2.476	0.9638173182874
2.477	0.9638173182874
2.478	0.9638173182874
2.479	0.96372223596772
2.48	0.96372223596772
2.481	0.96372223596772
2.482	0.96354566364915
2.483	0.96354566364915
2.484	0.96354566364915
2.485	0.96332979910549
2.486	0.96332979910549
2.487	0.96332979910549
2.488	0.96308717871762
2.489	0.96308717871762
2.49	0.96308717871762
2.491	0.96280798698663
2.492	0.96280798698663
2.493	0.96280798698663
2.494	0.96242788454223
2.495	0.96242788454223
2.496	0.96242788454223
2.497	0.96225009244799
2.498	0.96225009244799
2.499	0.96225009244799
2.5	0.96247411789893
2.501	0.96247411789893
2.502	0.96247411789893
2.503	0.96264100178007
2.504	0.96264100178007
2.505	0.96264100178007
2.506	0.96278731310009
2.507	0.96278731310009
2.508	0.96278731310009
2.509	0.96292310218463
2.51	0.96292310218463
2.511	0.96292310218463
2.512	0.96305313033697
2.513	0.96305313033697
2.514	0.96305313033697
2.515	0.9631807789462
2.516	0.9631807789462
2.517	0.9631807789462
2.518	0.96330963620303
2.519	0.96330963620303
2.52	0.96330963620303
2.521	0.96344497398403
2.522	0.96344497398403
2.523	0.96344497398403
2.524	0.96359640618186
2.525	0.96359640618186
2.526	0.96359640618186
2.527	0.96378435955981
2.528	0.96378435955981
2.529	0.96378435955981
2.53	0.96405847860239
2.531	0.96405847860239
2.532	0.96405847860239
2.533	0.96455433126611
2.534	0.96455433126611
2.535	0.96455433126611
2.536	0.9656127769297
2.537	0.9656127769297
2.538	0.9656127769297
2.539	0.96698900337059
2.54	0.96698900337059
2.541	0.96698900337059
2.542	0.96628945585519
2.543	0.96628945585519
2.544	0.96628945585519
2.545	0.96528545479693
2.546	0.96528545479693
2.547	0.96528545479693
2.548	0.96484396052548
2.549	0.96484396052548
2.55	0.96484396052548
2.551	0.96466963368421
2.552	0.96466963368421
2.553	0.96466963368421
2.554	0.96460734952296
2.555	0.96460734952296
2.556	0.96460734952296
2.557	0.9645963327807
2.558	0.9645963327807
2.559	0.9645963327807
2.56	0.96461082878808
2.561	0.96461082878808
2.562	0.96461082878808
2.563	0.964638712951
2.564	0.964638712951
2.565	0.964638712951
2.566	0.9646737361587
2.567	0.9646737361587
2.568	0.9646737361587
2.569	0.96471244634001
2.57	0.96471244634001
2.571	0.96471244634001
2.572	0.96475287877329
2.573	0.96475287877329
2.574	0.96475287877329
2.575	0.96479416645315
2.576	0.96479416645315
2.577	0.96479416645315
2.578	0.96478053756736
2.579	0.96478053756736
2.58	0.96478053756736
2.581	0.96479250665425
2.582	0.96479250665425
2.583	0.96479250665425
2.584	0.96481874702993
2.585	0.96481874702993
2.586	0.96481874702993
2.587	0.96484867715141
2.588	0.96484867715141
2.589	0.96484867715141
2.59	0.96487901605098
2.591	0.96487901605098
2.592	0.96487901605098
2.593	0.96490816939917
2.594	0.96490816939917
2.595	0.96490816939917
2.596	0.9649351954914
2.597	0.9649351954914
2.598	0.9649351954914
2.599	0.96495948603573
2.6	0.96495948603573
2.601	0.96495948603573
